              precision    recall  f1-score   support

           0       0.76      0.68      0.72        81
           1       0.75      0.82      0.78        11
           2       0.99      0.95      0.97        78
           3       0.74      0.81      0.77       135
           4       0.56      0.59      0.58        32
           5       0.92      0.86      0.89        14
           6       1.00      0.95      0.97        38

    accuracy                           0.81       389
   macro avg       0.82      0.81      0.81       389
weighted avg       0.81      0.81      0.81       389
